[gd_scene load_steps=8 format=3 uid="uid://b5m4h8fdgai5d"]

[ext_resource type="Script" path="res://node_3d.gd" id="1_7546e"]
[ext_resource type="PackedScene" uid="uid://bs72ogkvdd7d6" path="res://Additions/brackeys-proto-controller-main/brackeys-proto-controller-main/proto_controller/proto_controller.tscn" id="1_pjmad"]
[ext_resource type="PackedScene" uid="uid://bb4o3wodt3ros" path="res://enemy.tscn" id="3_exsc0"]
[ext_resource type="PackedScene" uid="uid://btol8ywe0h0tr" path="res://Models/Crypt/tree.glb" id="4_jpc3l"]
[ext_resource type="PackedScene" uid="uid://bvv0oru4rpfgl" path="res://Models/Roads/road.glb" id="5_mseu4"]

[sub_resource type="NavigationMesh" id="NavigationMesh_si2u7"]
vertices = PackedVector3Array(-337.569, -195.363, 589.111, 616.931, -32.3627, 342.611, 338.181, 189.387, -590.889, -616.319, 26.3873, -344.389)
polygons = [PackedInt32Array(3, 2, 0), PackedInt32Array(0, 2, 1)]

[sub_resource type="StandardMaterial3D" id="StandardMaterial3D_88o12"]
albedo_color = Color(0.360784, 0.25098, 0.2, 1)

[node name="World" type="Node3D"]
script = ExtResource("1_7546e")

[node name="NavigationRegion3D" type="NavigationRegion3D" parent="."]
transform = Transform3D(0.953207, 0.170651, -0.24955, -0.1051, 0.961019, 0.255728, 0.283463, -0.217534, 0.933985, 0, 3.56546, 0)
navigation_mesh = SubResource("NavigationMesh_si2u7")

[node name="CSGBox3D" type="CSGBox3D" parent="NavigationRegion3D"]
transform = Transform3D(955.277, -97.6683, 279.117, 163.108, 961.344, -221.843, -246.661, 257.447, 934.28, 0.427227, -3.9065, -1.03952)
use_collision = true
size = Vector3(1, 0.001, 1)
material = SubResource("StandardMaterial3D_88o12")

[node name="Node3D" type="Node3D" parent="NavigationRegion3D"]

[node name="tree2" parent="NavigationRegion3D/Node3D" instance=ExtResource("4_jpc3l")]
transform = Transform3D(3.81282, -0.420399, 1.13385, 0.682605, 3.84407, -0.870136, -0.998201, 1.02291, 3.73594, 17.7323, -2.67425, 1.78784)

[node name="tree3" parent="NavigationRegion3D/Node3D" instance=ExtResource("4_jpc3l")]
transform = Transform3D(3.81282, -0.420399, 1.13385, 0.682605, 3.84407, -0.870136, -0.998201, 1.02291, 3.73594, -13.0257, -7.50511, 9.22893)

[node name="tree4" parent="NavigationRegion3D/Node3D" instance=ExtResource("4_jpc3l")]
transform = Transform3D(3.81282, -0.420399, 1.13385, 0.682605, 3.84407, -0.870136, -0.998201, 1.02291, 3.73594, -21.4556, -1.03588, -18.5468)

[node name="tree5" parent="NavigationRegion3D/Node3D" instance=ExtResource("4_jpc3l")]
transform = Transform3D(3.81282, -0.420399, 1.13385, 0.682605, 3.84407, -0.870136, -0.998201, 1.02291, 3.73594, 9.04, 4.494, -26.793)

[node name="Node3D2" type="Node3D" parent="NavigationRegion3D"]

[node name="road9" parent="NavigationRegion3D/Node3D2" instance=ExtResource("5_mseu4")]
transform = Transform3D(1.90641, 0.2102, -0.566925, 0.341302, -1.92204, 0.435068, -0.499101, -0.511456, -1.86797, -18.5015, -3.18135, -8.89472)

[node name="road2" parent="NavigationRegion3D/Node3D2" instance=ExtResource("5_mseu4")]
transform = Transform3D(1.90641, 0.2102, -0.566925, 0.341302, -1.92204, 0.435068, -0.499101, -0.511456, -1.86797, -13.9418, -6.71273, 6.08586)

[node name="road4" parent="NavigationRegion3D/Node3D2" instance=ExtResource("5_mseu4")]
transform = Transform3D(1.90641, 0.2102, -0.566925, 0.341302, -1.92204, 0.435068, -0.499101, -0.511456, -1.86797, -14.6074, -6.24373, 4.04978)

[node name="road3" parent="NavigationRegion3D/Node3D2" instance=ExtResource("5_mseu4")]
transform = Transform3D(0.953206, -0.1051, 0.283462, 0.170651, 0.961019, -0.217534, -0.24955, 0.255728, 0.933985, -14.0366, -6.71435, 5.90829)

[node name="road5" parent="NavigationRegion3D/Node3D2" instance=ExtResource("5_mseu4")]
transform = Transform3D(1.90641, 0.2102, -0.566925, 0.341302, -1.92204, 0.435068, -0.499101, -0.511456, -1.86797, -16.0047, -5.15247, -0.625383)

[node name="road6" parent="NavigationRegion3D/Node3D2" instance=ExtResource("5_mseu4")]
transform = Transform3D(1.90641, 0.2102, -0.566925, 0.341302, -1.92204, 0.435068, -0.499101, -0.511456, -1.86797, -17.142, -4.25062, -4.35288)

[node name="road7" parent="NavigationRegion3D/Node3D2" instance=ExtResource("5_mseu4")]
transform = Transform3D(1.42981, -0.15765, 0.425194, 0.255977, 1.44153, -0.326301, -0.374326, 0.383592, 1.40098, -15.3064, -5.73443, 1.70386)

[node name="road8" parent="NavigationRegion3D/Node3D2" instance=ExtResource("5_mseu4")]
transform = Transform3D(0.953206, -0.1051, 0.283462, 0.170651, 0.961019, -0.217534, -0.24955, 0.255728, 0.933985, -16.586, -4.71901, -2.48935)

[node name="road10" parent="NavigationRegion3D/Node3D2" instance=ExtResource("5_mseu4")]
transform = Transform3D(1.90641, 0.2102, -0.566925, 0.341302, -1.92204, 0.435068, -0.499101, -0.511456, -1.86797, -19.6737, -2.22814, -12.5558)

[node name="road11" parent="NavigationRegion3D/Node3D2" instance=ExtResource("5_mseu4")]
transform = Transform3D(1.90641, 0.2102, -0.566925, 0.341302, -1.92204, 0.435068, -0.499101, -0.511456, -1.86797, -20.917, -1.2949, -16.8633)

[node name="road12" parent="NavigationRegion3D/Node3D2" instance=ExtResource("5_mseu4")]
transform = Transform3D(1.42981, -0.15765, 0.425194, 0.255977, 1.44153, -0.326301, -0.374326, 0.383592, 1.40098, -17.8625, -3.74484, -6.67486)

[node name="road13" parent="NavigationRegion3D/Node3D2" instance=ExtResource("5_mseu4")]
transform = Transform3D(0.953206, -0.1051, 0.283462, 0.170651, 0.961019, -0.217534, -0.24955, 0.255728, 0.933985, -19.136, -2.77212, -10.694)

[node name="road14" parent="NavigationRegion3D/Node3D2" instance=ExtResource("5_mseu4")]
transform = Transform3D(1.42981, -0.15765, 0.425194, 0.255977, 1.44153, -0.326301, -0.374326, 0.383592, 1.40098, -20.3368, -1.80488, -14.7995)

[node name="road15" parent="NavigationRegion3D/Node3D2" instance=ExtResource("5_mseu4")]
transform = Transform3D(1.90641, 0.210199, -0.566925, 0.341302, -1.92204, 0.435068, -0.499101, -0.511456, -1.86797, 17.1803, -1.58072, -0.306208)

[node name="road16" parent="NavigationRegion3D/Node3D2" instance=ExtResource("5_mseu4")]
transform = Transform3D(1.90641, 0.2102, -0.566925, 0.341302, -1.92204, 0.435068, -0.499101, -0.511456, -1.86797, 16, -0.734, -4.007)

[node name="road17" parent="NavigationRegion3D/Node3D2" instance=ExtResource("5_mseu4")]
transform = Transform3D(0.953206, -0.1051, 0.283462, 0.170651, 0.961019, -0.217534, -0.24955, 0.255728, 0.933985, 16.6179, -1.22632, -2.1171)

[node name="road18" parent="NavigationRegion3D/Node3D2" instance=ExtResource("5_mseu4")]
transform = Transform3D(1.90641, 0.2102, -0.566925, 0.341302, -1.92204, 0.435068, -0.499101, -0.511456, -1.86797, 14.5897, 0.324802, -8.63503)

[node name="road19" parent="NavigationRegion3D/Node3D2" instance=ExtResource("5_mseu4")]
transform = Transform3D(1.42981, -0.15765, 0.425194, 0.255977, 1.44153, -0.326301, -0.374325, 0.383592, 1.40098, 15.3481, -0.246389, -6.32153)

[node name="road20" parent="NavigationRegion3D/Node3D2" instance=ExtResource("5_mseu4")]
transform = Transform3D(1.90641, 0.2102, -0.566925, 0.341302, -1.92204, 0.435068, -0.499101, -0.511456, -1.86797, 13.5125, 1.23741, -12.3783)

[node name="road21" parent="NavigationRegion3D/Node3D2" instance=ExtResource("5_mseu4")]
transform = Transform3D(1.42981, -0.15765, 0.425194, 0.255977, 1.44153, -0.326301, -0.374325, 0.383592, 1.40098, 10.3177, 3.68316, -22.8249)

[node name="road22" parent="NavigationRegion3D/Node3D2" instance=ExtResource("5_mseu4")]
transform = Transform3D(0.953206, -0.1051, 0.283462, 0.170651, 0.961019, -0.217534, -0.24955, 0.255728, 0.933985, 11.5251, 2.7171, -18.7211)

[node name="road23" parent="NavigationRegion3D/Node3D2" instance=ExtResource("5_mseu4")]
transform = Transform3D(1.90641, 0.2102, -0.566925, 0.341302, -1.92204, 0.435068, -0.499101, -0.511456, -1.86797, 9.67738, 4.18238, -24.8729)

[node name="road24" parent="NavigationRegion3D/Node3D2" instance=ExtResource("5_mseu4")]
transform = Transform3D(1.90641, 0.210199, -0.566925, 0.341302, -1.92204, 0.435068, -0.499101, -0.511456, -1.86797, 10.943, 3.25311, -20.5713)

[node name="road25" parent="NavigationRegion3D/Node3D2" instance=ExtResource("5_mseu4")]
transform = Transform3D(1.90641, 0.2102, -0.566925, 0.341302, -1.92204, 0.435068, -0.499101, -0.511456, -1.86797, 12.1108, 2.28221, -16.8455)

[node name="road26" parent="NavigationRegion3D/Node3D2" instance=ExtResource("5_mseu4")]
transform = Transform3D(0.953206, -0.1051, 0.283462, 0.170651, 0.961019, -0.217534, -0.24955, 0.255728, 0.933985, 14.0755, 0.770285, -10.5166)

[node name="road27" parent="NavigationRegion3D/Node3D2" instance=ExtResource("5_mseu4")]
transform = Transform3D(1.42981, -0.15765, 0.425194, 0.255977, 1.44153, -0.326301, -0.374325, 0.383592, 1.40098, 12.7612, 1.73767, -14.6922)

[node name="road28" parent="NavigationRegion3D/Node3D2" instance=ExtResource("5_mseu4")]
transform = Transform3D(1.90641, 0.210199, -0.566925, 0.341302, -1.92204, 0.435068, -0.499101, -0.511456, -1.86797, -19.2902, -0.390192, -19.3052)

[node name="road29" parent="NavigationRegion3D/Node3D2" instance=ExtResource("5_mseu4")]
transform = Transform3D(1.90641, 0.210199, -0.566925, 0.341302, -1.92204, 0.435068, -0.499101, -0.511456, -1.86797, -14.9289, 0.390619, -20.447)

[node name="road30" parent="NavigationRegion3D/Node3D2" instance=ExtResource("5_mseu4")]
transform = Transform3D(1.42981, -0.15765, 0.425194, 0.255977, 1.44153, -0.326301, -0.374325, 0.383592, 1.40098, -17.1295, -0.148871, -19.8871)

[node name="road31" parent="NavigationRegion3D/Node3D2" instance=ExtResource("5_mseu4")]
transform = Transform3D(1.90641, 0.210199, -0.566925, 0.341302, -1.92204, 0.435068, -0.499101, -0.511456, -1.86797, -10.9211, 1.10988, -21.5029)

[node name="road32" parent="NavigationRegion3D/Node3D2" instance=ExtResource("5_mseu4")]
transform = Transform3D(0.953206, -0.1051, 0.283462, 0.170651, 0.961019, -0.217534, -0.24955, 0.255728, 0.933984, -12.8656, 0.64251, -20.949)

[node name="road33" parent="NavigationRegion3D/Node3D2" instance=ExtResource("5_mseu4")]
transform = Transform3D(1.42981, -0.15765, 0.425194, 0.255977, 1.44153, -0.326301, -0.374325, 0.383592, 1.40098, -8.69403, 1.37197, -22.1356)

[node name="road34" parent="NavigationRegion3D/Node3D2" instance=ExtResource("5_mseu4")]
transform = Transform3D(1.90641, 0.210199, -0.566925, 0.341302, -1.92204, 0.435068, -0.499101, -0.511456, -1.86797, -6.48761, 1.90185, -22.6569)

[node name="road35" parent="NavigationRegion3D/Node3D2" instance=ExtResource("5_mseu4")]
transform = Transform3D(0.953206, -0.1051, 0.283462, 0.170651, 0.961019, -0.217534, -0.24955, 0.255728, 0.933984, -4.52849, 2.16708, -23.2519)

[node name="road36" parent="NavigationRegion3D/Node3D2" instance=ExtResource("5_mseu4")]
transform = Transform3D(1.90641, 0.210199, -0.566925, 0.341302, -1.92204, 0.435068, -0.499101, -0.511456, -1.86797, -2.58622, 2.60031, -23.6783)

[node name="road37" parent="NavigationRegion3D/Node3D2" instance=ExtResource("5_mseu4")]
transform = Transform3D(1.42981, -0.15765, 0.425194, 0.255977, 1.44153, -0.326301, -0.374325, 0.383592, 1.40098, -0.262679, 2.86011, -24.2628)

[node name="road38" parent="NavigationRegion3D/Node3D2" instance=ExtResource("5_mseu4")]
transform = Transform3D(1.90641, 0.210199, -0.566925, 0.341302, -1.92204, 0.435068, -0.499101, -0.511456, -1.86797, 2.04611, 3.41897, -24.851)

[node name="road39" parent="NavigationRegion3D/Node3D2" instance=ExtResource("5_mseu4")]
transform = Transform3D(0.953206, -0.1051, 0.283462, 0.170651, 0.961019, -0.217534, -0.24955, 0.255728, 0.933984, 4.11886, 3.70454, -25.4757)

[node name="road40" parent="NavigationRegion3D/Node3D2" instance=ExtResource("5_mseu4")]
transform = Transform3D(1.90641, 0.210199, -0.566925, 0.341302, -1.92204, 0.435068, -0.499101, -0.511456, -1.86797, 6.12154, 4.12726, -25.8378)

[node name="road41" parent="NavigationRegion3D/Node3D2" instance=ExtResource("5_mseu4")]
transform = Transform3D(1.42981, -0.15765, 0.425194, 0.255977, 1.44153, -0.326301, -0.374325, 0.383592, 1.40098, 8.37241, 4.29943, -26.1229)

[node name="WorldEnvironment" type="WorldEnvironment" parent="."]

[node name="DirectionalLight3D" type="DirectionalLight3D" parent="."]
transform = Transform3D(0.953207, 0.170651, -0.24955, -0.1051, 0.961019, 0.255728, 0.283463, -0.217534, 0.933985, 0, 3.56546, 0)

[node name="ProtoController" parent="." instance=ExtResource("1_pjmad")]
transform = Transform3D(1, 0, 0, 0, 1, 0, 0, 0, 1, -0.0903163, 0.241234, -0.12551)

[node name="Enemy" parent="." instance=ExtResource("3_exsc0")]
transform = Transform3D(1, 0, 0, 0, 1, 0, 0, 0, 1, 1.86272, 0.447867, 11.3826)

[node name="Enemy2" parent="." instance=ExtResource("3_exsc0")]
transform = Transform3D(1, 0, 0, 0, 1, 0, 0, 0, 1, 10.3204, 0.209235, 12.2354)

[node name="Enemy3" parent="." instance=ExtResource("3_exsc0")]
transform = Transform3D(1, 0, 0, 0, 1, 0, 0, 0, 1, 6.24307, 0.337631, 15.2274)
